tester,ref_p,ref_v,var_p,var_pse_v,duration,pause,repeat,rnd_range,test_round,simulation_round,timestamp
Simulator,69,60,63,58,0.3,1,False,"[2, 4, 6, 8, 10, 12]","[5, 10, 15, 20, 25, 30, 35, 40, 45, 50, 55, 60, 65, 70, 75, 80, 85, 90, 95, 100]",85,2022-01-22 01:14:40.829252
Simulator,69,60,63,59,0.3,1,False,"[2, 4, 6, 8, 10, 12]","[5, 10, 15, 20, 25, 30, 35, 40, 45, 50, 55, 60, 65, 70, 75, 80, 85, 90, 95, 100]",85,2022-01-22 01:14:41.043251
Simulator,69,60,63,58,0.3,1,False,"[2, 4, 6, 8, 10, 12]","[5, 10, 15, 20, 25, 30, 35, 40, 45, 50, 55, 60, 65, 70, 75, 80, 85, 90, 95, 100]",85,2022-01-22 01:14:41.251252
Simulator,69,60,63,59,0.3,1,False,"[2, 4, 6, 8, 10, 12]","[5, 10, 15, 20, 25, 30, 35, 40, 45, 50, 55, 60, 65, 70, 75, 80, 85, 90, 95, 100]",85,2022-01-22 01:14:41.460296
Simulator,69,60,63,59,0.3,1,False,"[2, 4, 6, 8, 10, 12]","[5, 10, 15, 20, 25, 30, 35, 40, 45, 50, 55, 60, 65, 70, 75, 80, 85, 90, 95, 100]",85,2022-01-22 01:14:41.670300
Simulator,69,60,63,59,0.3,1,False,"[2, 4, 6, 8, 10, 12]","[5, 10, 15, 20, 25, 30, 35, 40, 45, 50, 55, 60, 65, 70, 75, 80, 85, 90, 95, 100]",85,2022-01-22 01:14:41.881252
Simulator,69,60,63,59,0.3,1,False,"[2, 4, 6, 8, 10, 12]","[5, 10, 15, 20, 25, 30, 35, 40, 45, 50, 55, 60, 65, 70, 75, 80, 85, 90, 95, 100]",85,2022-01-22 01:14:42.088252
Simulator,69,60,63,59,0.3,1,False,"[2, 4, 6, 8, 10, 12]","[5, 10, 15, 20, 25, 30, 35, 40, 45, 50, 55, 60, 65, 70, 75, 80, 85, 90, 95, 100]",85,2022-01-22 01:14:42.294252
Simulator,69,60,63,59,0.3,1,False,"[2, 4, 6, 8, 10, 12]","[5, 10, 15, 20, 25, 30, 35, 40, 45, 50, 55, 60, 65, 70, 75, 80, 85, 90, 95, 100]",85,2022-01-22 01:14:42.506252
Simulator,69,60,63,61,0.3,1,False,"[2, 4, 6, 8, 10, 12]","[5, 10, 15, 20, 25, 30, 35, 40, 45, 50, 55, 60, 65, 70, 75, 80, 85, 90, 95, 100]",85,2022-01-22 01:14:42.709252
Simulator,69,60,63,59,0.3,1,False,"[2, 4, 6, 8, 10, 12]","[5, 10, 15, 20, 25, 30, 35, 40, 45, 50, 55, 60, 65, 70, 75, 80, 85, 90, 95, 100]",85,2022-01-22 01:14:42.921251
Simulator,69,60,63,60,0.3,1,False,"[2, 4, 6, 8, 10, 12]","[5, 10, 15, 20, 25, 30, 35, 40, 45, 50, 55, 60, 65, 70, 75, 80, 85, 90, 95, 100]",85,2022-01-22 01:14:43.128251
Simulator,69,60,63,58,0.3,1,False,"[2, 4, 6, 8, 10, 12]","[5, 10, 15, 20, 25, 30, 35, 40, 45, 50, 55, 60, 65, 70, 75, 80, 85, 90, 95, 100]",85,2022-01-22 01:14:43.338252
Simulator,69,60,63,60,0.3,1,False,"[2, 4, 6, 8, 10, 12]","[5, 10, 15, 20, 25, 30, 35, 40, 45, 50, 55, 60, 65, 70, 75, 80, 85, 90, 95, 100]",85,2022-01-22 01:14:43.552252
Simulator,69,60,63,57,0.3,1,False,"[2, 4, 6, 8, 10, 12]","[5, 10, 15, 20, 25, 30, 35, 40, 45, 50, 55, 60, 65, 70, 75, 80, 85, 90, 95, 100]",85,2022-01-22 01:14:43.761252
Simulator,69,60,63,59,0.3,1,False,"[2, 4, 6, 8, 10, 12]","[5, 10, 15, 20, 25, 30, 35, 40, 45, 50, 55, 60, 65, 70, 75, 80, 85, 90, 95, 100]",85,2022-01-22 01:14:43.979252
Simulator,69,60,63,59,0.3,1,False,"[2, 4, 6, 8, 10, 12]","[5, 10, 15, 20, 25, 30, 35, 40, 45, 50, 55, 60, 65, 70, 75, 80, 85, 90, 95, 100]",85,2022-01-22 01:14:44.188252
Simulator,69,60,63,59,0.3,1,False,"[2, 4, 6, 8, 10, 12]","[5, 10, 15, 20, 25, 30, 35, 40, 45, 50, 55, 60, 65, 70, 75, 80, 85, 90, 95, 100]",85,2022-01-22 01:14:44.385252
Simulator,69,60,63,58,0.3,1,False,"[2, 4, 6, 8, 10, 12]","[5, 10, 15, 20, 25, 30, 35, 40, 45, 50, 55, 60, 65, 70, 75, 80, 85, 90, 95, 100]",85,2022-01-22 01:14:44.602252
Simulator,69,60,63,57,0.3,1,False,"[2, 4, 6, 8, 10, 12]","[5, 10, 15, 20, 25, 30, 35, 40, 45, 50, 55, 60, 65, 70, 75, 80, 85, 90, 95, 100]",85,2022-01-22 01:14:44.810252
Simulator,69,60,63,59,0.3,1,False,"[2, 4, 6, 8, 10, 12]","[5, 10, 15, 20, 25, 30, 35, 40, 45, 50, 55, 60, 65, 70, 75, 80, 85, 90, 95, 100]",85,2022-01-22 01:14:45.022252
Simulator,69,60,63,58,0.3,1,False,"[2, 4, 6, 8, 10, 12]","[5, 10, 15, 20, 25, 30, 35, 40, 45, 50, 55, 60, 65, 70, 75, 80, 85, 90, 95, 100]",85,2022-01-22 01:14:45.230251
Simulator,69,60,63,59,0.3,1,False,"[2, 4, 6, 8, 10, 12]","[5, 10, 15, 20, 25, 30, 35, 40, 45, 50, 55, 60, 65, 70, 75, 80, 85, 90, 95, 100]",85,2022-01-22 01:14:45.438252
Simulator,69,60,63,59,0.3,1,False,"[2, 4, 6, 8, 10, 12]","[5, 10, 15, 20, 25, 30, 35, 40, 45, 50, 55, 60, 65, 70, 75, 80, 85, 90, 95, 100]",85,2022-01-22 01:14:45.646249
Simulator,69,60,63,57,0.3,1,False,"[2, 4, 6, 8, 10, 12]","[5, 10, 15, 20, 25, 30, 35, 40, 45, 50, 55, 60, 65, 70, 75, 80, 85, 90, 95, 100]",85,2022-01-22 01:14:45.862249
Simulator,69,60,63,60,0.3,1,False,"[2, 4, 6, 8, 10, 12]","[5, 10, 15, 20, 25, 30, 35, 40, 45, 50, 55, 60, 65, 70, 75, 80, 85, 90, 95, 100]",85,2022-01-22 01:14:46.076249
Simulator,69,60,63,60,0.3,1,False,"[2, 4, 6, 8, 10, 12]","[5, 10, 15, 20, 25, 30, 35, 40, 45, 50, 55, 60, 65, 70, 75, 80, 85, 90, 95, 100]",85,2022-01-22 01:14:46.296249
Simulator,69,60,63,57,0.3,1,False,"[2, 4, 6, 8, 10, 12]","[5, 10, 15, 20, 25, 30, 35, 40, 45, 50, 55, 60, 65, 70, 75, 80, 85, 90, 95, 100]",85,2022-01-22 01:14:46.512249
Simulator,69,60,63,60,0.3,1,False,"[2, 4, 6, 8, 10, 12]","[5, 10, 15, 20, 25, 30, 35, 40, 45, 50, 55, 60, 65, 70, 75, 80, 85, 90, 95, 100]",85,2022-01-22 01:14:46.721249
Simulator,69,60,63,58,0.3,1,False,"[2, 4, 6, 8, 10, 12]","[5, 10, 15, 20, 25, 30, 35, 40, 45, 50, 55, 60, 65, 70, 75, 80, 85, 90, 95, 100]",85,2022-01-22 01:14:46.939292
Simulator,69,60,63,58,0.3,1,False,"[2, 4, 6, 8, 10, 12]","[5, 10, 15, 20, 25, 30, 35, 40, 45, 50, 55, 60, 65, 70, 75, 80, 85, 90, 95, 100]",85,2022-01-22 01:14:47.151277
Simulator,69,60,63,62,0.3,1,False,"[2, 4, 6, 8, 10, 12]","[5, 10, 15, 20, 25, 30, 35, 40, 45, 50, 55, 60, 65, 70, 75, 80, 85, 90, 95, 100]",85,2022-01-22 01:14:47.356248
Simulator,69,60,63,59,0.3,1,False,"[2, 4, 6, 8, 10, 12]","[5, 10, 15, 20, 25, 30, 35, 40, 45, 50, 55, 60, 65, 70, 75, 80, 85, 90, 95, 100]",85,2022-01-22 01:14:47.571278
Simulator,69,60,63,59,0.3,1,False,"[2, 4, 6, 8, 10, 12]","[5, 10, 15, 20, 25, 30, 35, 40, 45, 50, 55, 60, 65, 70, 75, 80, 85, 90, 95, 100]",85,2022-01-22 01:14:47.777291
Simulator,69,60,63,57,0.3,1,False,"[2, 4, 6, 8, 10, 12]","[5, 10, 15, 20, 25, 30, 35, 40, 45, 50, 55, 60, 65, 70, 75, 80, 85, 90, 95, 100]",85,2022-01-22 01:14:47.979297
Simulator,69,60,63,59,0.3,1,False,"[2, 4, 6, 8, 10, 12]","[5, 10, 15, 20, 25, 30, 35, 40, 45, 50, 55, 60, 65, 70, 75, 80, 85, 90, 95, 100]",85,2022-01-22 01:14:48.175310
Simulator,69,60,63,60,0.3,1,False,"[2, 4, 6, 8, 10, 12]","[5, 10, 15, 20, 25, 30, 35, 40, 45, 50, 55, 60, 65, 70, 75, 80, 85, 90, 95, 100]",85,2022-01-22 01:14:48.378308
Simulator,69,60,63,58,0.3,1,False,"[2, 4, 6, 8, 10, 12]","[5, 10, 15, 20, 25, 30, 35, 40, 45, 50, 55, 60, 65, 70, 75, 80, 85, 90, 95, 100]",85,2022-01-22 01:14:48.579313
Simulator,69,60,63,59,0.3,1,False,"[2, 4, 6, 8, 10, 12]","[5, 10, 15, 20, 25, 30, 35, 40, 45, 50, 55, 60, 65, 70, 75, 80, 85, 90, 95, 100]",85,2022-01-22 01:14:48.777278
Simulator,69,60,63,59,0.3,1,False,"[2, 4, 6, 8, 10, 12]","[5, 10, 15, 20, 25, 30, 35, 40, 45, 50, 55, 60, 65, 70, 75, 80, 85, 90, 95, 100]",85,2022-01-22 01:14:48.994307
Simulator,69,60,63,55,0.3,1,False,"[2, 4, 6, 8, 10, 12]","[5, 10, 15, 20, 25, 30, 35, 40, 45, 50, 55, 60, 65, 70, 75, 80, 85, 90, 95, 100]",85,2022-01-22 01:14:49.208305
Simulator,69,60,63,57,0.3,1,False,"[2, 4, 6, 8, 10, 12]","[5, 10, 15, 20, 25, 30, 35, 40, 45, 50, 55, 60, 65, 70, 75, 80, 85, 90, 95, 100]",85,2022-01-22 01:14:49.402313
Simulator,69,60,63,59,0.3,1,False,"[2, 4, 6, 8, 10, 12]","[5, 10, 15, 20, 25, 30, 35, 40, 45, 50, 55, 60, 65, 70, 75, 80, 85, 90, 95, 100]",85,2022-01-22 01:14:49.593308
Simulator,69,60,63,57,0.3,1,False,"[2, 4, 6, 8, 10, 12]","[5, 10, 15, 20, 25, 30, 35, 40, 45, 50, 55, 60, 65, 70, 75, 80, 85, 90, 95, 100]",85,2022-01-22 01:14:49.797314
Simulator,69,60,63,60,0.3,1,False,"[2, 4, 6, 8, 10, 12]","[5, 10, 15, 20, 25, 30, 35, 40, 45, 50, 55, 60, 65, 70, 75, 80, 85, 90, 95, 100]",85,2022-01-22 01:14:50.007296
Simulator,69,60,63,59,0.3,1,False,"[2, 4, 6, 8, 10, 12]","[5, 10, 15, 20, 25, 30, 35, 40, 45, 50, 55, 60, 65, 70, 75, 80, 85, 90, 95, 100]",85,2022-01-22 01:14:50.199301
Simulator,69,60,63,59,0.3,1,False,"[2, 4, 6, 8, 10, 12]","[5, 10, 15, 20, 25, 30, 35, 40, 45, 50, 55, 60, 65, 70, 75, 80, 85, 90, 95, 100]",85,2022-01-22 01:14:50.405277
Simulator,69,60,63,60,0.3,1,False,"[2, 4, 6, 8, 10, 12]","[5, 10, 15, 20, 25, 30, 35, 40, 45, 50, 55, 60, 65, 70, 75, 80, 85, 90, 95, 100]",85,2022-01-22 01:14:50.603306
Simulator,69,60,63,57,0.3,1,False,"[2, 4, 6, 8, 10, 12]","[5, 10, 15, 20, 25, 30, 35, 40, 45, 50, 55, 60, 65, 70, 75, 80, 85, 90, 95, 100]",85,2022-01-22 01:14:50.794313
Simulator,69,60,63,58,0.3,1,False,"[2, 4, 6, 8, 10, 12]","[5, 10, 15, 20, 25, 30, 35, 40, 45, 50, 55, 60, 65, 70, 75, 80, 85, 90, 95, 100]",85,2022-01-22 01:14:50.988313
Simulator,69,60,63,59,0.3,1,False,"[2, 4, 6, 8, 10, 12]","[5, 10, 15, 20, 25, 30, 35, 40, 45, 50, 55, 60, 65, 70, 75, 80, 85, 90, 95, 100]",85,2022-01-22 01:14:51.193320
Simulator,69,60,63,60,0.3,1,False,"[2, 4, 6, 8, 10, 12]","[5, 10, 15, 20, 25, 30, 35, 40, 45, 50, 55, 60, 65, 70, 75, 80, 85, 90, 95, 100]",85,2022-01-22 01:14:51.398306
Simulator,69,60,63,58,0.3,1,False,"[2, 4, 6, 8, 10, 12]","[5, 10, 15, 20, 25, 30, 35, 40, 45, 50, 55, 60, 65, 70, 75, 80, 85, 90, 95, 100]",85,2022-01-22 01:14:51.604251
Simulator,69,60,63,58,0.3,1,False,"[2, 4, 6, 8, 10, 12]","[5, 10, 15, 20, 25, 30, 35, 40, 45, 50, 55, 60, 65, 70, 75, 80, 85, 90, 95, 100]",85,2022-01-22 01:14:51.825252
Simulator,69,60,63,60,0.3,1,False,"[2, 4, 6, 8, 10, 12]","[5, 10, 15, 20, 25, 30, 35, 40, 45, 50, 55, 60, 65, 70, 75, 80, 85, 90, 95, 100]",85,2022-01-22 01:14:52.035252
Simulator,69,60,63,59,0.3,1,False,"[2, 4, 6, 8, 10, 12]","[5, 10, 15, 20, 25, 30, 35, 40, 45, 50, 55, 60, 65, 70, 75, 80, 85, 90, 95, 100]",85,2022-01-22 01:14:52.242252
Simulator,69,60,63,58,0.3,1,False,"[2, 4, 6, 8, 10, 12]","[5, 10, 15, 20, 25, 30, 35, 40, 45, 50, 55, 60, 65, 70, 75, 80, 85, 90, 95, 100]",85,2022-01-22 01:14:52.454252
Simulator,69,60,63,61,0.3,1,False,"[2, 4, 6, 8, 10, 12]","[5, 10, 15, 20, 25, 30, 35, 40, 45, 50, 55, 60, 65, 70, 75, 80, 85, 90, 95, 100]",85,2022-01-22 01:14:52.667251
Simulator,69,60,63,60,0.3,1,False,"[2, 4, 6, 8, 10, 12]","[5, 10, 15, 20, 25, 30, 35, 40, 45, 50, 55, 60, 65, 70, 75, 80, 85, 90, 95, 100]",85,2022-01-22 01:14:52.868252
Simulator,69,60,63,59,0.3,1,False,"[2, 4, 6, 8, 10, 12]","[5, 10, 15, 20, 25, 30, 35, 40, 45, 50, 55, 60, 65, 70, 75, 80, 85, 90, 95, 100]",85,2022-01-22 01:14:53.086251
Simulator,69,60,63,57,0.3,1,False,"[2, 4, 6, 8, 10, 12]","[5, 10, 15, 20, 25, 30, 35, 40, 45, 50, 55, 60, 65, 70, 75, 80, 85, 90, 95, 100]",85,2022-01-22 01:14:53.299252
Simulator,69,60,63,59,0.3,1,False,"[2, 4, 6, 8, 10, 12]","[5, 10, 15, 20, 25, 30, 35, 40, 45, 50, 55, 60, 65, 70, 75, 80, 85, 90, 95, 100]",85,2022-01-22 01:14:53.504252
Simulator,69,60,63,59,0.3,1,False,"[2, 4, 6, 8, 10, 12]","[5, 10, 15, 20, 25, 30, 35, 40, 45, 50, 55, 60, 65, 70, 75, 80, 85, 90, 95, 100]",85,2022-01-22 01:14:53.711252
Simulator,69,60,63,58,0.3,1,False,"[2, 4, 6, 8, 10, 12]","[5, 10, 15, 20, 25, 30, 35, 40, 45, 50, 55, 60, 65, 70, 75, 80, 85, 90, 95, 100]",85,2022-01-22 01:14:53.928251
Simulator,69,60,63,57,0.3,1,False,"[2, 4, 6, 8, 10, 12]","[5, 10, 15, 20, 25, 30, 35, 40, 45, 50, 55, 60, 65, 70, 75, 80, 85, 90, 95, 100]",85,2022-01-22 01:14:54.136252
Simulator,69,60,63,58,0.3,1,False,"[2, 4, 6, 8, 10, 12]","[5, 10, 15, 20, 25, 30, 35, 40, 45, 50, 55, 60, 65, 70, 75, 80, 85, 90, 95, 100]",85,2022-01-22 01:14:54.357252
Simulator,69,60,63,59,0.3,1,False,"[2, 4, 6, 8, 10, 12]","[5, 10, 15, 20, 25, 30, 35, 40, 45, 50, 55, 60, 65, 70, 75, 80, 85, 90, 95, 100]",85,2022-01-22 01:14:54.570252
Simulator,69,60,63,59,0.3,1,False,"[2, 4, 6, 8, 10, 12]","[5, 10, 15, 20, 25, 30, 35, 40, 45, 50, 55, 60, 65, 70, 75, 80, 85, 90, 95, 100]",85,2022-01-22 01:14:54.788252
Simulator,69,60,63,60,0.3,1,False,"[2, 4, 6, 8, 10, 12]","[5, 10, 15, 20, 25, 30, 35, 40, 45, 50, 55, 60, 65, 70, 75, 80, 85, 90, 95, 100]",85,2022-01-22 01:14:55.003251
Simulator,69,60,63,57,0.3,1,False,"[2, 4, 6, 8, 10, 12]","[5, 10, 15, 20, 25, 30, 35, 40, 45, 50, 55, 60, 65, 70, 75, 80, 85, 90, 95, 100]",85,2022-01-22 01:14:55.215252
Simulator,69,60,63,57,0.3,1,False,"[2, 4, 6, 8, 10, 12]","[5, 10, 15, 20, 25, 30, 35, 40, 45, 50, 55, 60, 65, 70, 75, 80, 85, 90, 95, 100]",85,2022-01-22 01:14:55.409251
Simulator,69,60,63,60,0.3,1,False,"[2, 4, 6, 8, 10, 12]","[5, 10, 15, 20, 25, 30, 35, 40, 45, 50, 55, 60, 65, 70, 75, 80, 85, 90, 95, 100]",85,2022-01-22 01:14:55.626251
Simulator,69,60,63,59,0.3,1,False,"[2, 4, 6, 8, 10, 12]","[5, 10, 15, 20, 25, 30, 35, 40, 45, 50, 55, 60, 65, 70, 75, 80, 85, 90, 95, 100]",85,2022-01-22 01:14:55.835252
Simulator,69,60,63,59,0.3,1,False,"[2, 4, 6, 8, 10, 12]","[5, 10, 15, 20, 25, 30, 35, 40, 45, 50, 55, 60, 65, 70, 75, 80, 85, 90, 95, 100]",85,2022-01-22 01:14:56.035252
Simulator,69,60,63,57,0.3,1,False,"[2, 4, 6, 8, 10, 12]","[5, 10, 15, 20, 25, 30, 35, 40, 45, 50, 55, 60, 65, 70, 75, 80, 85, 90, 95, 100]",85,2022-01-22 01:14:56.252252
Simulator,69,60,63,61,0.3,1,False,"[2, 4, 6, 8, 10, 12]","[5, 10, 15, 20, 25, 30, 35, 40, 45, 50, 55, 60, 65, 70, 75, 80, 85, 90, 95, 100]",85,2022-01-22 01:14:56.466252
Simulator,69,60,63,56,0.3,1,False,"[2, 4, 6, 8, 10, 12]","[5, 10, 15, 20, 25, 30, 35, 40, 45, 50, 55, 60, 65, 70, 75, 80, 85, 90, 95, 100]",85,2022-01-22 01:14:56.670252
Simulator,69,60,63,58,0.3,1,False,"[2, 4, 6, 8, 10, 12]","[5, 10, 15, 20, 25, 30, 35, 40, 45, 50, 55, 60, 65, 70, 75, 80, 85, 90, 95, 100]",85,2022-01-22 01:14:56.887252
Simulator,69,60,63,59,0.3,1,False,"[2, 4, 6, 8, 10, 12]","[5, 10, 15, 20, 25, 30, 35, 40, 45, 50, 55, 60, 65, 70, 75, 80, 85, 90, 95, 100]",85,2022-01-22 01:14:57.101252
Simulator,69,60,63,59,0.3,1,False,"[2, 4, 6, 8, 10, 12]","[5, 10, 15, 20, 25, 30, 35, 40, 45, 50, 55, 60, 65, 70, 75, 80, 85, 90, 95, 100]",85,2022-01-22 01:14:57.305252
Simulator,69,60,63,60,0.3,1,False,"[2, 4, 6, 8, 10, 12]","[5, 10, 15, 20, 25, 30, 35, 40, 45, 50, 55, 60, 65, 70, 75, 80, 85, 90, 95, 100]",85,2022-01-22 01:14:57.519252
Simulator,69,60,63,59,0.3,1,False,"[2, 4, 6, 8, 10, 12]","[5, 10, 15, 20, 25, 30, 35, 40, 45, 50, 55, 60, 65, 70, 75, 80, 85, 90, 95, 100]",85,2022-01-22 01:14:57.737252
Simulator,69,60,63,57,0.3,1,False,"[2, 4, 6, 8, 10, 12]","[5, 10, 15, 20, 25, 30, 35, 40, 45, 50, 55, 60, 65, 70, 75, 80, 85, 90, 95, 100]",85,2022-01-22 01:14:57.938251
Simulator,69,60,63,58,0.3,1,False,"[2, 4, 6, 8, 10, 12]","[5, 10, 15, 20, 25, 30, 35, 40, 45, 50, 55, 60, 65, 70, 75, 80, 85, 90, 95, 100]",85,2022-01-22 01:14:58.148252
Simulator,69,60,63,56,0.3,1,False,"[2, 4, 6, 8, 10, 12]","[5, 10, 15, 20, 25, 30, 35, 40, 45, 50, 55, 60, 65, 70, 75, 80, 85, 90, 95, 100]",85,2022-01-22 01:14:58.370251
